Latency (seconds)
0.01678752899169922
0.024347782135009766
0.01632213592529297
0.024083614349365234
0.01632237434387207
0.016605615615844727
0.016781091690063477
0.024572372436523438
0.016737699508666992
0.016478300094604492
0.02529430389404297
0.015726804733276367
0.01636052131652832
0.025192737579345703
0.015912771224975586
0.01657414436340332
0.024793386459350586
0.016466379165649414
0.024560213088989258
0.016634702682495117
0.016881942749023438
0.024082183837890625
0.01709294319152832
0.016663789749145508
0.016309738159179688
0.02490687370300293
0.01654362678527832
0.016794443130493164
0.016713857650756836
0.024816274642944336
0.01720571517944336
0.01571178436279297
0.016669034957885742
0.02398848533630371
0.01616644859313965
0.02398824691772461
0.015993833541870117
0.01679372787475586
0.02472376823425293
0.01660943031311035
0.01665973663330078
0.024798154830932617
0.01703333854675293
0.01597452163696289
0.02509760856628418
0.01647043228149414
0.01681828498840332
0.016987323760986328
0.02384805679321289
0.016176462173461914
0.016551733016967773
0.016243457794189453
0.025130033493041992
0.016205310821533203
0.02514481544494629
0.016597986221313477
0.016128063201904297
0.01650238037109375
0.024473905563354492
0.016773223876953125
0.016347646713256836
0.016933202743530273
0.024542808532714844
0.016284465789794922
0.016483306884765625
0.024698257446289062
0.01662755012512207
0.016571521759033203
0.016335487365722656
0.016689538955688477
0.016893863677978516
0.0161898136138916
0.016730308532714844
0.016495704650878906
0.024630308151245117
0.016649484634399414
0.015995264053344727
0.02434396743774414
0.01622915267944336
0.016388416290283203
0.016555070877075195
0.024616003036499023
0.017101526260375977
0.01611018180847168
0.024486303329467773
0.016596555709838867
0.0164492130279541
0.016802072525024414
0.015733003616333008
0.024956464767456055
0.01638960838317871
0.016833066940307617
0.024703264236450195
0.01656794548034668
0.016302108764648438
0.01693558692932129
0.016453027725219727
0.025059223175048828
0.016269683837890625
0.016750335693359375
