Latency (seconds)
0.02494072914123535
0.015993833541870117
0.025339841842651367
0.01599264144897461
0.015993118286132812
0.01676177978515625
0.024741172790527344
0.016775131225585938
0.01631021499633789
0.016588211059570312
0.024764299392700195
0.016207456588745117
0.016576528549194336
0.016169309616088867
0.02501511573791504
0.016443729400634766
0.016360998153686523
0.0246121883392334
0.01640486717224121
0.016730785369873047
0.024953603744506836
0.01691412925720215
0.01618790626525879
0.02441096305847168
0.016637325286865234
0.01682257652282715
0.025696992874145508
0.01572704315185547
0.024842023849487305
0.01661062240600586
0.02435016632080078
0.016484975814819336
0.01681208610534668
0.02446436882019043
0.01659083366394043
0.024488449096679688
0.016530752182006836
0.016119003295898438
0.024661779403686523
0.016797542572021484
0.016174793243408203
0.057711124420166016
0.015734195709228516
0.01603865623474121
0.024345874786376953
0.01647019386291504
0.02456188201904297
0.015993118286132812
0.01598358154296875
0.02399897575378418
0.015985727310180664
0.024153470993041992
0.016639232635498047
0.024538278579711914
0.016807079315185547
0.016892433166503906
0.024013280868530273
0.023988962173461914
0.016004085540771484
0.02439427375793457
0.01628899574279785
0.024364948272705078
0.0161893367767334
0.02444291114807129
0.01653122901916504
0.02462148666381836
0.016306161880493164
0.02422189712524414
0.01630377769470215
0.025089025497436523
0.01624894142150879
0.025272607803344727
0.01611948013305664
0.024218082427978516
0.016665220260620117
0.0243380069732666
0.01651477813720703
0.01672077178955078
0.016943693161010742
0.02444624900817871
0.016386985778808594
0.016964435577392578
0.02531266212463379
0.01640176773071289
0.016076087951660156
0.02471923828125
0.017560958862304688
0.015785694122314453
0.02479839324951172
0.016409873962402344
0.016444921493530273
0.02443838119506836
0.016002178192138672
0.023990392684936523
0.015982389450073242
0.0240480899810791
0.015935420989990234
0.024000883102416992
0.015993356704711914
0.015982389450073242
