Latency (seconds)
0.016003847122192383
0.023979663848876953
0.01599287986755371
0.024464130401611328
0.01642441749572754
0.016069412231445312
0.024725914001464844
0.016437530517578125
0.016516685485839844
0.01681232452392578
0.024530410766601562
0.016550540924072266
0.015913724899291992
0.016512632369995117
0.024991512298583984
0.016811847686767578
0.016621112823486328
0.024525165557861328
0.016340017318725586
0.016483545303344727
0.02483367919921875
0.016870975494384766
0.01577138900756836
0.024608850479125977
0.016310453414916992
0.016325950622558594
0.025038957595825195
0.01633763313293457
0.017433881759643555
0.015755653381347656
0.024628877639770508
0.016383647918701172
0.024048566818237305
0.016362667083740234
0.024527549743652344
0.02425360679626465
0.016382455825805664
0.0247957706451416
0.01632976531982422
0.024174928665161133
0.01655435562133789
0.02458024024963379
0.016069889068603516
0.02448415756225586
0.01697516441345215
0.01632404327392578
0.0243377685546875
0.015995502471923828
0.016002416610717773
0.024721145629882812
0.0166778564453125
0.01630544662475586
0.02399158477783203
0.016039371490478516
0.023942947387695312
0.016083240509033203
0.016263961791992188
0.02407073974609375
0.01624608039855957
0.016838550567626953
0.024622201919555664
0.016474485397338867
0.01666426658630371
0.016396522521972656
0.016342639923095703
0.025299072265625
0.015729427337646484
0.01781749725341797
0.022882699966430664
0.01656651496887207
0.016495227813720703
0.016803741455078125
0.024848461151123047
0.016209125518798828
0.016715288162231445
0.02399897575378418
0.015984773635864258
0.024234533309936523
0.024968385696411133
0.0166933536529541
0.025242328643798828
0.016403675079345703
0.02473139762878418
0.016306400299072266
0.016702890396118164
0.02504897117614746
0.016626596450805664
0.024892091751098633
0.016412734985351562
0.02481985092163086
0.016687631607055664
0.01608562469482422
0.024374008178710938
0.016005277633666992
0.023900508880615234
0.016755104064941406
0.01651763916015625
0.016753673553466797
0.024729013442993164
0.016924381256103516
