Latency (seconds)
0.01651740074157715
0.02377939224243164
0.016199111938476562
0.02434062957763672
0.015993118286132812
0.024478673934936523
0.016286373138427734
0.024181365966796875
0.016246795654296875
0.02485346794128418
0.016489028930664062
0.016230106353759766
0.02482748031616211
0.01610875129699707
0.016739845275878906
0.024994611740112305
0.016304731369018555
0.016781330108642578
0.016561269760131836
0.025035619735717773
0.016535043716430664
0.016472816467285156
0.01665496826171875
0.016415119171142578
0.024709463119506836
0.016422748565673828
0.01648235321044922
0.025082826614379883
0.016839265823364258
0.016591787338256836
0.016140460968017578
0.0246427059173584
0.016597509384155273
0.016735553741455078
0.02462601661682129
0.016605138778686523
0.01638484001159668
0.02501082420349121
0.016591310501098633
0.01623225212097168
0.01661992073059082
0.0244600772857666
0.017123699188232422
0.01625347137451172
0.016622543334960938
0.024257898330688477
0.016616344451904297
0.016519546508789062
0.016515254974365234
0.016309499740600586
0.02490997314453125
0.016448020935058594
0.01670074462890625
0.024923086166381836
0.01645493507385254
0.016921281814575195
0.016704559326171875
0.01639866828918457
0.025722742080688477
0.015576362609863281
0.016384601593017578
0.024878501892089844
0.016468524932861328
0.01610279083251953
0.016080617904663086
0.024375438690185547
0.016180753707885742
0.01659560203552246
0.024306774139404297
0.01668858528137207
0.016635656356811523
0.016234159469604492
0.016639232635498047
0.02486586570739746
0.016430377960205078
0.016772031784057617
0.016645431518554688
0.02486252784729004
0.016591787338256836
0.01626443862915039
0.01655888557434082
0.02484273910522461
0.016282320022583008
0.016739606857299805
0.01652383804321289
0.01668834686279297
0.024746179580688477
0.016196489334106445
0.016374826431274414
0.016306638717651367
0.016698360443115234
0.024959564208984375
0.015918731689453125
0.016440391540527344
0.01684093475341797
0.0248105525970459
0.016667604446411133
0.016288042068481445
0.016535520553588867
0.024532079696655273
